0.66574085
0.6691164
0.65840316
0.67028075
0.6618269
0.66408765
0.66436714
0.6712815
0.66257304
0.6666667
0.66420263
0.6666667
0.6740404
0.65832067
0.6720182
0.6533147
0.6622071
0.6666667
0.6638638
0.6656719
0.6723139
0.6599524
0.6650987
0.66050845
0.67474085
0.6654508
0.6666667
0.662661
0.66028
0.64846647
0.67348266
0.65638447
0.66510874
0.6625902
0.6688562
0.67381483
0.67221993
0.67751044
0.6553285
0.66462517
0.65993565
0.6604422
0.6600876
0.66501284
0.6711491
0.6598711
0.6755828
0.6645284
0.66147107
0.66667724
0.6590194
0.67850935
0.6654791
0.6666667
0.664476
0.6625766
0.6620822
0.6666667
0.6664812
0.6604921
0.6632529
0.6641358
0.6666667
0.6655625
0.65524286
0.66164905
0.6677773
0.66074175
0.6623082
0.66332346
0.6570326
0.67505145
0.6715478
0.65899384
0.6570817
0.6509371
0.6600111
0.6603934
0.6666667
0.6582897
0.67698306
0.6672725
0.6573176
0.6697678
0.66455156
0.6672439
0.66545725
0.65139085
0.64251393
0.65719205
0.6666667
0.67085284
0.6567534
0.65756977
0.6602245
0.6661986
0.65833616
0.6587253
0.6666667
0.6666667
0.66844535
0.6666667
0.6648194
0.6666667
0.66995436
0.6584578
0.649575
0.6666667
0.66787964
0.65168154
0.66059417
0.65407777
0.6574932
0.6485192
0.65945166
0.6643305
0.6715518
0.65890634
0.66795206
0.6618071
0.66582114
0.6594331
0.6666667
0.65654427
0.6666667
0.6666667
0.6699763
0.6541461
0.6631885
0.6578037
0.6913196
0.6413207
0.6588693
0.6580632
0.647823
0.66213804
0.6694372
0.6716234
0.66331965
0.66754997
0.6524027
0.65106654
0.6539651
0.6595776
0.6736549
0.6450942
0.6663118
0.6473924
0.6574906
0.65050197
0.6615713
0.6398157
0.66656893
0.6666667
0.6403415
0.612364
0.6620786
0.6878712
0.6617961
0.6562417
0.6555955
0.65455145
0.6609201
0.66304743
0.65801007
0.65318745
0.6666667
0.6655853
0.6397735
0.6472413
0.68217397
0.64944386
0.6583157
0.6501408
0.66605157
0.6447226
0.6617927
0.6480693
0.66689813
0.67318195
0.6829567
0.6697774
0.66043097
0.66046673
0.65395665
0.6526922
0.6666667
0.669002
0.64998335
0.66556597
0.6488239
0.66839695
0.6994947
0.6599788
0.6737082
0.6627926
0.6703821
0.6653936
0.6869079
0.6748553
0.6746857
0.67765296
0.67181194
0.6884325
0.67336524
0.6735897
0.6756307
0.6699411
0.68324125
0.66689914
0.6512336
0.67687726
0.6643739
0.66891265
0.71800625
0.6741737
0.67005116
0.67595583
0.67706865
0.6676628
0.68057907
0.67305
0.6722309
0.6697109
0.6788146
0.6783156
0.6778532
0.67966205
0.6666667
0.6663556
0.6768812
0.6635483
0.6676367
0.67760885
0.6517498
0.6738409
0.6589936
0.66229063
0.6551098
0.64963007
0.66232497
0.6797135
0.6594048
0.6860671
0.6742313
0.6821064
0.6719386
0.6836147
0.67604506
0.6801566
0.6598775
0.66079926
0.6652251
0.68674684
0.66247785
0.6576907
0.71239376
0.6666667
0.6844663
0.67276466
0.702197
0.66650325
0.65240574
0.68693405
0.6663628
0.6549749
0.6841986
0.67420304
0.6837545
0.64849615
0.6666667
0.6680327
0.6823251
0.6812225
0.6762505
0.7003601
0.69369304
0.6752308
0.70959514
0.66609293
0.6911767
0.68745923
0.6666667
0.67426395
0.69486225
0.6596665
0.6666667
0.67051935
0.70039153
0.698302
0.65747327
0.6813844
0.6661073
0.6557383
0.6861025
0.6783611
0.6837156
0.6723907
0.6600456
0.6673579
0.66948736
0.6873286
0.6912696
0.6713274
0.6891386
0.68831074
0.66406983
0.6695989
0.67688125
0.67939216
0.6795677
0.6694453
0.67009896
0.6666667
0.6587777
0.67235297
0.6815067
0.66372335
0.65900606
0.6588364
0.6799637
0.6666667
0.67807645
0.6888489
0.6967531
0.6836745
0.6666667
0.6804379
0.6666667
0.78325695
0.7158191
0.667807
0.6690557
0.6666667
0.758692
0.6874693
0.6936154
0.65377754
0.6666667
0.68947387
0.73215294
0.7416952
0.6752131
0.72979015
0.7238295
0.6601348
0.6921724
0.7102623
0.6844859
0.66199046
0.68948597
0.7346841
0.66019225
0.66266054
0.69472885
0.68141776
0.7188921
0.6696251
0.70017934
0.66791576
0.7158485
0.6666667
0.6914239
0.7103658
0.6794506
0.65681565
0.7010277
0.682915
0.69126385
0.662084
0.67645425
0.6761084
0.66288495
0.75176466
0.67599255
0.67090565
0.6666667
0.67786133
0.6666667
0.6666667
0.68127626
0.7013333
0.6753918
0.69119257
0.6675546
0.6515007
0.64622897
0.7013101
0.69171417
0.7269528
0.69898635
0.6739615
0.72661424
0.7253846
0.6839214
0.6656578
0.6725914
0.6924965
0.66734976
0.6664634
0.67794114
0.64543587
0.7053394
0.6770851
0.717235
0.73862123
0.6666667
0.72742885
0.7301058
0.67648405
0.67987
0.698736
0.65943015
0.703396
0.632947
0.6684765
0.69967073
0.6580696
0.6877808
0.73278964
0.6758922
0.6630914
0.73661035
0.71012
0.64991367
0.6800008
0.6849281
0.7173014
0.68997717
0.67170924
0.6560291
0.75495195
0.6804664
0.691588
0.6888281
0.6615762
0.70342404
0.7468326
0.66929173
0.6893143
0.6891809
0.7676454
0.71736354
0.6666667
0.7626795
0.6951465
0.64146465
0.693664
0.64369684
0.68231994
0.6870325
0.6921082
0.7351287
0.6953134
0.703443
0.64238435
0.69937503
0.71279216
0.718045
0.6580755
0.72807527
0.6666667
0.74090225
0.65245026
0.66793746
0.7012826
0.7187382
0.737122
0.68760747
0.843685
0.7170515
0.7054219
0.6556857
0.74576896
0.7156281
0.6912879
0.6605863
0.70354503
0.78543884
0.710668
0.6634418
0.7400187
0.6498657
0.7025962
0.64677286
0.6343997
0.77589154
0.6616476
0.6633764
0.7896389
0.6273684
0.6683244
0.6961385
0.64755774
0.6666667
0.71400166
0.6666667
0.70570207
0.72695136
0.69939846
0.7320508
0.6666667
0.6292382
0.7292301
0.6803692
0.63350934
0.723381
0.6867958
0.69984585
0.6423238
0.6666667
0.76807165
0.6666667
0.76113886
0.7947355
0.6546545
0.58362687
0.6928614
0.68930596
0.6054393
0.6305941
0.7551764
0.75251174
0.62449557
0.63540393
0.7332494
0.5888259
0.5794721
0.6590585
0.74207145
0.75729936
0.69365495
0.5849917
0.6533632
0.7086951
0.6934189
0.7688265
0.6909471
0.65183103
0.61802197
0.779425
0.7482122
0.7543993
0.6851922
0.67563504
0.62671876
0.6666667
0.6747554
0.6502932
0.62202954
0.6272172
0.6519482
0.63884187
0.6471474
0.75086284
0.7010561
0.65405005
0.68516344
0.6058216
0.66920143
0.60096335
0.6792954
0.62330055
0.67001075
0.7351907
0.6548528
0.75100857
0.6858095
0.6443934
0.63202816
0.63687426
0.596506
0.68807304
0.6685345
0.6662203
0.5817504
0.7080254
0.74473083
0.67705506
0.58324724
0.5520341
0.6419157
0.62541986
0.6666667
0.6857857
0.6246371
0.7048948
0.61931974
0.61790574
0.6400998
0.5945436
0.75921965
0.7307068
0.6666667
0.55252504
0.607999
0.5519236
0.7408845
0.6601157
0.6048944
0.7133644
0.5455309
0.6939561
0.6278688
0.70091134
0.59936935
0.57134604
0.65818316
0.6355052
0.64537615
0.7633171
0.6374144
0.71885234
0.75474846
0.56901324
0.65965873
0.7832545
0.55413425
0.5978572
0.6935203
0.59361285
0.6909692
0.5802394
0.56687695
0.6158148
0.6394076
0.6324206
0.6850327
0.6965096
0.67602414
0.65315586
0.7231657
0.5876713
0.5842222
0.61331785
0.58008313
0.73989016
0.6666667
0.6666667
0.6939854
0.5414111
0.5438913
0.61485976
0.61581707
0.5547341
0.57116103
0.7013465
0.5293692
0.55879474
0.58417565
0.78895545
0.5655917
0.62394375
0.6666667
0.62043226
0.8152556
0.7824746
0.6666667
0.52125067
0.6848068
0.67670184
0.54576045
0.548765
0.6666667
0.86605656
0.6994421
0.6207265
0.760381
0.5220237
0.8796424
0.53903097
0.5245098
0.70714223
0.51943773
0.6528569
0.5795915
0.7736868
0.57956773
0.6877136
0.57075346
0.5431631
0.8913192
0.8314805
0.8866401
0.6666667
0.8070126
0.63704
0.6279609
0.6997253
0.8211479
0.54928327
0.64174795
0.6666667
0.7569598
0.6084374
0.6772021
0.7759955
0.61348915
0.56484574
0.5475831
0.67574185
0.70793563
0.6175967
0.7456331
0.6666667
0.6262814
0.5804029
0.5039685
0.60911965
0.939618
0.7399117
0.50506204
0.66844404
0.8568652
0.5080935
0.6965973
0.83738834
0.63420546
0.5711451
0.7866209
0.63260937
0.7954303
0.83568513
0.5695801
0.7609716
0.534778
0.8853184
0.8261276
0.70296687
0.92012423
0.51055783
0.60372144
0.5164092
0.8077401
0.8569255
0.97625273
0.90107864
0.6666667
0.51891214
0.5566447
0.51056284
0.6037078
0.8398085
0.5708621
0.94310755
0.9120468
0.67139155
0.77615553
0.50401
0.5065205
0.61307085
0.7685489
0.6767196
0.78625846
0.6666667
0.51691955
0.775695
0.7857793
0.5187668
0.5600285
0.5152068
0.5711997
0.6666667
0.70302653
0.9470719
0.8148481
0.98755985
0.7111808
0.73156804
0.510969
0.58294475
0.80623597
0.50275344
0.8464552
0.920248
0.7223134
0.7339695
0.6433266
0.9264825
0.50495
0.50183517
0.56462693
0.51137453
0.7929101
0.78105694
0.82300687
0.839449
0.5132148
0.5434517
0.89416355
0.7592938
0.7614904
0.6666667
0.504416
0.83347565
0.64617497
0.5023805
0.5221639
0.89761645
0.5299527
0.9863782
0.7649246
0.55432945
0.7590841
0.5082081
0.5600559
0.79083335
0.56604666
0.9023493
0.8655236
0.7199311
0.82192457
0.65717936
0.6666667
0.6701215
0.5377717
0.81120205
0.67516893
0.58230776
0.50111204
0.87718683
0.6666667
0.5127461
0.75733274
0.84845674
0.5263944
0.9774624
0.7413895
0.5611245
0.69953287
0.6666667
0.5106085
0.9521552
0.9723449
0.50520617
0.6276559
0.9814957
0.7824676
0.8492453
0.5804869
0.99063826
0.670096
0.53033733
0.5682972
0.61731124
0.6666667
0.6666667
0.5931369
0.5005168
0.5024198
0.811398
0.74339545
0.79191375
0.507082
0.8027992
0.5173797
0.5056362
0.5069558
0.67926556
0.5064226
0.66696674
0.69964325
0.6666667
0.90994567
0.81569046
0.5083025
0.6164996
0.8714592
0.9412408
0.50080764
0.6402453
0.6666667
0.63456345
0.5585616
0.6666667
0.5576903
0.5056171
0.7949804
0.6666667
0.5049889
0.8654039
0.5210101
0.5167787
0.5071914
0.5217038
0.50377005
0.88418555
0.5520482
0.69735354
0.5036585
0.832689
0.510227
0.5289834
0.68176264
0.84981585
0.83190167
0.84002614
0.5462628
0.90431046
0.8231504
0.67951167
0.8966939
0.95099306
0.56232953
0.98484635
0.9808914
0.9870335
0.6666667
0.6666667
0.79313844
0.991831
0.5395939
0.9850839
0.89208376
0.69616413
0.5408063
0.5204722
0.50200045
0.69310325
0.93907505
0.50046813
0.566609
0.6539392
0.900797
0.5025859
0.99675983
0.9895873
0.52299994
0.53109944
0.50491196
0.54576814
0.86529595
0.6681176
0.99759173
0.50214225
0.68856937
0.9892266
0.9770528
0.99114895
0.85740924
0.7030015
0.5119409
0.50069886
0.5057788
0.7792043
0.5029711
0.57319456
0.5225742
0.5011952
0.61780554
0.9279743
0.8270736
0.5025692
0.96172744
0.57230693
0.93578273
0.9657319
0.8412131
0.9001711
0.8951453
0.5010067
0.9510981
0.6666667
0.9967608
0.55641913
0.90336406
0.9972046
0.76024574
0.7029521
0.9896207
0.91212296
0.9744543
0.9839791
0.8825446
0.6666667
0.9983277
0.8558014
0.9571118
0.6666667
0.99673355
0.5840956
0.8166327
0.91902494
0.9838822
0.9527087
0.5171764
0.6666667
0.5581709
0.5012625
0.8959857
0.9288267
0.7860505
0.7699211
0.5044503
0.8785985
0.7591459
0.50899655
0.9457105
0.54779893
0.98764044
0.99377185
0.5283265
0.54239905
0.9946483
0.50053775
0.8786457
0.5212991
0.5392401
0.9028792
0.8065702
0.95168185
0.5026068
0.6081155
0.86677504
0.93115014
0.9910842
0.9998349
0.53653204
0.8469948
0.9932766
0.5681179
0.6666667
0.53144747
0.6025635
0.5318557
0.81978184
0.93881154
0.9965581
0.50141835
0.91137606
0.5069032
0.88106674
0.84198076
0.7154119
0.50385857
0.5216624
0.51722395
0.6003373
0.51692915
0.7763588
0.98789585
0.9532249
0.9391713
0.50655425
0.6077749
0.5087212
0.89390194
0.5193879
0.84263825
0.92176
0.50106555
0.51383007
0.63303256
0.52564305
0.7326187
0.9978066
0.52632284
0.84532183
0.7839122
0.9959914
0.50054896
0.51350546
0.93272275
0.5991047
0.5066486
0.57380396
0.5437747
0.8387651
0.9753965
0.51749575
0.53102595
0.62816185
0.91308093
0.82450163
0.5182816
0.51689804
0.7135366
0.7774254
0.8504927
0.653484
0.9926602
0.5042305
0.5316175
0.7713131
0.9477881
0.6666667
0.76325125
0.50098926
0.6666667
0.5674773
0.5015011
0.7523233
0.5012436
0.69120413
0.52664346
0.6656054
0.6666667
0.6535952
0.9240826
0.74388295
0.5015288
0.50062406
0.5289891
0.522822
0.69050974
0.51961166
0.8889634
0.50272024
0.6201608
0.9320791
0.7761195
0.5007936
0.5006443
0.7268674
0.50324166
0.8832232
0.50111234
0.50005925
0.54976034
0.50058013
0.6666667
0.5001524
0.6648885
0.5023457
0.5001527
0.5983937
0.5810026
0.9277338
0.5197545
0.6666667
0.6587846
0.6666667
0.6666667
0.6666667
0.65537566
0.8707361
0.65398276
0.6402527
0.50063956
0.90700585
0.5658018
0.69336593
0.72426885
0.7457058
0.52905923
0.9137058
0.68320626
0.785744
0.56993973
0.6677535
0.79031706
0.5075751
0.98500174
0.57663304
0.6666667
0.86024475
0.6301801
0.9819047
0.90307534
0.5585329
0.7099116
0.5049164
0.988042
0.5004653
0.5183167
0.5151147
0.524065
0.50362843
0.5001047
0.5019007
0.72792953
0.54017854
0.58780074
0.7144693
0.82126594
0.50199425
0.5004608
0.6666667
0.9900662
0.7684645
0.72552943
0.79862463
0.5421286
0.51838964
0.9673396
0.5128452
0.9325056
0.8748367
0.62915385
0.5189455
0.5080997
0.5369306
0.5159195
0.98064065
0.8997616
0.50478643
0.62639844
0.50171685
0.903652
0.7922362
0.50247365
0.9845414
0.8310829
0.5239367
0.93374944
0.68478376
0.9538968
0.97505003
0.5004244
0.8436346
0.50145715
0.6410624
0.9211071
0.65757513
0.75846916
0.9974069
0.5952217
0.5174724
0.5278913
0.8929765
0.5024228
0.99251807
0.5042106
0.87443817
0.8165605
0.88665944
0.9963744
0.6666667
0.6033731
0.50193536
0.58898604
0.50595444
0.5153608
0.9679003
0.8256995
0.7285887
0.5825737
0.9776333
0.8852469
0.8579324
0.50135034
0.983863
0.5500384
0.5016702
0.5810992
0.9770074
0.99487513
0.6821395
0.99992454
0.7805684
0.5777109
0.95376986
0.5654558
0.81768435
0.6957661
0.5250723
0.9609719
0.6666667
0.91914237
0.96852165
0.962972
0.6062884
0.9738704
0.5029311
0.6666667
0.7421827
0.8242855
0.8456369
0.7578189
0.52806455
0.7943387
0.8382062
0.93472886
0.9397213
0.5855521
0.86718607
0.50034446
0.5035863
0.5219157
0.70561206
0.6666667
0.6666667
0.79569113
0.50053465
0.50868917
0.8886409
0.5360545
0.9935634
0.5308377
0.9523574
0.7594773
0.7557595
0.5037594
0.98736596
0.5183267
0.72833306
0.979573
0.5597287
0.90607834
0.9821446
0.5083235
0.99564016
0.6666667
0.9840301
0.7411247
0.53086615
0.7497706
0.6666667
0.6666667
0.9301783
0.6666667
0.71442527
0.9372475
0.5042303
0.5202272
0.5087245
0.9732221
0.8535403
0.97621024
0.54817194
0.57871133
0.6666667
0.9977437
0.50310904
0.50198627
0.5289878
0.68864775
0.5354673
0.94995975
0.98868257
0.5040369
0.5084779
0.84487605
0.92183226
0.572059
0.54471016
0.8008086
0.5281668
0.97650564
0.5019449
0.51320416
0.8674918
0.50086737
0.8872147
0.6666667
0.6666667
0.93709415
0.902636
0.89626765
0.8731313
0.9776653
0.94428426
0.5120567
0.5473219
0.815202
0.5027913
0.93885267
0.5075753
0.5016609
0.5105358
0.6666667
0.92167205
0.97952294
0.6666667
0.51609784
0.53640765
0.98988545
0.6666667
0.5103047
0.5010981
0.64348316
0.6666667
0.94017434
0.5122357
0.55445975
0.53830814
0.5072005
0.6154604
0.50202835
0.5656641
0.5550967
0.6666667
0.50535315
0.50897956
0.9984884
0.88692254
0.6673012
0.7589177
0.8629342
0.736442
0.50112426
0.66702193
0.5028167
0.79168427
0.98182124
0.86902606
0.9714238
0.5282783
0.5996924
0.55428743
0.56093353
0.6666667
0.52593535
0.5382819
0.94563055
0.93648463
0.9838198
0.8978774
0.93692416
0.9944349
0.5021296
0.9311704
0.6666667
0.8372486
0.93144536
0.6666667
0.5163203
0.5382661
0.6666667
0.80554986
0.9989172
0.8677281
0.5104497
0.99166006
0.7308587
0.6247149
0.51305366
0.9275472
0.88989115
0.527274
0.51509833
0.98944736
0.6666667
0.5211258
0.80468875
0.6666667
0.9869687
0.78950816
0.97734207
0.5054204
0.53226197
0.6666667
0.92121977
0.5226654
0.5125814
0.9980375
0.5025222
0.5197322
0.5323078
0.500155
0.5002075
0.9998272
0.5260066
0.52231014
0.6666667
0.9980653
0.9760459
0.50019073
0.9660592
0.5003694
0.99085355
0.64327693
0.8781157
0.5005182
0.5123275
0.5305695
0.9511039
0.78781146
0.5267056
0.9996177
0.52954
0.5173516
0.5515773
0.9796652
0.7145665
0.9751251
0.5174336
0.99358034
0.95056254
0.5173895
0.98005486
0.9891908
0.5675374
0.52167475
0.9967091
0.5133022
0.5105621
0.52787894
0.6666667
0.8547512
0.95400155
0.8304146
0.93877816
0.50117123
0.5048126
0.6622914
0.50115395
0.5051248
0.9899935
0.9842672
0.5148475
0.6666667
0.52398574
0.6666667
0.99801624
0.5013306
0.9687446
0.5159575
0.50029284
0.9808168
0.5149915
0.5386051
0.6156397
0.6666667
0.8874395
0.9349273
0.8754331
0.5012092
0.9383093
0.5103891
0.9937265
0.5058857
0.5086317
0.8412688
0.94601613
0.73704123
0.5170145
0.5920514
0.8448318
0.5187627
0.6032285
0.5020619
0.6666667
0.6666667
0.9697361
0.50031704
0.8799246
0.50764596
0.96618116
0.7977787
0.86971164
0.51200557
0.8654628
0.761247
0.6666667
0.957166
0.5085304
0.9863425
0.6666667
0.9836115
0.92654204
0.5201005
0.57775056
0.5099383
0.8197182
0.6666667
0.6666667
0.5222738
0.8604515
0.5027513
0.82872033
0.9999192
0.5050763
0.98832846
0.50219893
0.6543518
0.5042359
0.52684283
0.8592408
0.50252557
0.51120347
0.8616867
0.5078716
0.5121409
0.5091498
0.744186
0.55788976
0.90709937
0.69515043
0.5050234
0.90614456
0.884503
0.6666667
0.6666667
0.87826604
0.9974535
0.991377
0.501602
0.74265146
0.5003909
0.5003999
0.5115581
0.5042156
0.8734378
0.6666667
0.813292
0.99326456
0.96618426
0.50613827
0.50061476
0.50056803
0.97274226
0.5002984
0.86587703
0.9656584
0.6666667
0.9437939
0.98977894
0.7812768
0.9154222
0.51563597
0.9986078
0.8987633
0.5008319
0.6666667
0.98895675
0.5257121
0.6666667
0.5001894
0.5003714
0.50610214
0.50278854
0.7911802
0.9212123
0.5349543
0.50020874
0.51693267
0.5001409
0.9843231
0.53550583
0.9935482
0.51287246
0.6377607
0.95255953
0.6666667
0.98385644
0.922256
0.6666667
0.5013182
0.96130025
0.9998816
0.8803453
0.91341573
0.5256586
0.84996545
0.7018033
0.51004916
0.9364713
0.9752054
0.51136523
0.9961165
0.95556796
0.51733494
0.6666667
0.8955504
0.94488543
0.51226366
0.5200243
0.99989355
0.95702296
0.5199603
0.6413317
0.5118086
0.50021094
0.50313133
0.98314327
0.50027686
0.6714103
0.50005
0.9770208
0.9977297
0.99512625
0.9993299
0.5091668
0.5005119
0.6666667
0.50230575
0.8697916
0.75647426
0.6666667
0.5014794
0.50878763
0.50961244
0.97773564
0.98841596
0.76113415
0.8965122
0.5414349
0.59588045
0.5535378
0.9989195
0.54346204
0.50019234
0.83455116
0.9885655
0.6666667
0.5568626
0.9877843
0.51070976
0.95591986
0.9974999
0.50047684
0.94292766
0.98385215
0.54452777
0.5838616
0.56869036
0.5205452
0.9694055
0.51430744
0.5001594
0.5220204
0.97815496
0.5002148
0.50109196
0.5943722
0.5443832
0.5001397
0.52218086
0.9770761
0.9967296
0.98928994
0.54923964
0.6666667
0.87811005
0.9988299
0.63318944
0.9242797
0.9595947
0.5079384
0.6666667
0.5155249
0.98996675
0.6666667
0.6666667
0.8761869
0.8762334
0.96465397
0.99768674
0.8829731
0.5070483
0.51112634
0.5001781
0.9767898
0.96084774
0.5009769
0.8306967
0.50003827
0.5389391
0.58008635
0.513701
0.89327717
0.84555906
0.9781457
0.5516066
0.50014424
0.5030773
0.9485759
0.8970976
0.905682
0.9992841
0.60800743
0.5174456
0.50100297
0.84171396
0.99987996
0.985145
0.5119255
0.50046855
0.99138826
0.9985488
0.8191346
0.6666667
0.50744206
0.8906547
0.5002951
0.5000789
0.5181775
0.9797427
0.5068941
0.54728174
0.94627506
0.5035447
0.8726862
0.51648426
0.9877044
0.88535684
0.5001948
0.5385362
0.7452604
0.55533934
0.50208646
0.9271712
0.99201465
0.6666667
0.51553655
0.6666667
0.5098049
0.6666667
0.6666667
0.9828873
0.79115075
0.93783987
0.9768275
0.90075046
0.5128594
0.55647254
0.5028236
0.51302046
0.9887565
0.99155104
0.5000895
0.50041306
0.5001789
0.5152637
0.9606402
0.9995116
0.6666667
0.8957302
0.9096875
0.5829109
0.5000402
0.51461554
0.6666667
0.98499185
0.8004322
0.6666667
0.5432429
0.50084716
0.5766993
0.91155773
0.93541616
0.58154744
0.9157359
0.5000952
0.50025356
0.60965717
0.5001234
0.52156264
0.9905021
0.9095777
0.6666667
0.52443486
0.99855846
0.972881
0.50540215
0.86990756
0.5277773
0.99654084
0.7861075
0.58059907
0.89019185
0.5079891
0.53758395
0.5462969
0.50020003
0.7094407
0.99691963
0.5019664
0.5020952
0.9169597
0.99902165
0.99953353
0.99810576
0.6666667
0.5008871
0.6666667
0.52664584
0.5056375
0.89563894
0.9968635
0.9829948
0.9958994
0.6666667
0.6666667
0.9534701
0.5043754
0.5159404
0.9066194
0.956238
0.9635867
0.5356471
0.6666667
0.98619825
0.500208
0.52769434
0.50606894
0.5123249
0.6666667
0.51720244
0.91890216
0.9533172
0.5309953
0.50043005
0.50545764
0.9820187
0.5883352
0.51052827
0.5002512
0.9712182
0.8106937
0.8702471
0.6438051
0.5042374
0.984101
0.5265334
0.99640626
0.5779657
0.61052495
0.9990773
0.7012473
0.575818
0.5004502
0.9942362
0.98913705
0.5007371
0.5099943
0.99333596
0.5645094
0.94556
0.85439074
0.9940772
0.5039245
0.5335219
0.838866
0.5142474
0.6666667
0.9114807
0.99577844
0.9620087
0.6666667
0.5000332
0.90254027
0.92266905
0.5440469
0.56218004
0.5000556
0.94488174
0.5059537
0.50004685
0.96642315
0.503252
0.50140303
0.50142485
0.8785393
0.5000669
0.9920935
0.63515913
0.9118732
0.918887
0.84952766
0.5125631
0.9927382
0.50021106
0.92571294
0.6666667
0.8432445
0.8280533
0.50169486
0.71832234
0.9720385
0.9956085
0.9540464
0.5011514
0.906599
0.50635993
0.8797692
0.5130413
0.9946719
0.83855784
0.9504301
0.6666667
0.9968353
0.5001265
0.8035571
0.9902402
0.50028604
0.5090967
0.5000569
0.9906523
0.59203666
0.6388011
0.5100364
0.81848437
0.6666667
0.6666667
0.5000466
0.99085367
0.832273
0.9419151
0.5087391
0.5001376
0.72099864
0.9883513
0.67683196
0.6666667
0.9998832
0.866016
0.50010014
0.5014389
0.9897091
0.50518
0.50117236
0.61997443
0.90953684
0.7280383
0.9191301
0.5355402
0.964563
0.8605345
0.98516303
0.515506
0.8860856
0.52460825
0.5078138
0.5021525
0.75459945
0.5003805
0.88323784
0.6487314
0.5019486
0.9949026
0.99999845
0.9776732
0.5000223
0.99225324
0.77523845
0.79827815
0.5019026
0.8298495
0.99113375
0.58192056
0.5030488
0.6666667
0.54115987
0.99761814
0.51233834
0.9168081
0.51481104
0.51285064
0.76922375
0.50033355
0.500021
0.96944225
0.89753675
0.5124726
0.91429746
0.6666667
0.50290376
0.55557793
0.965765
0.90937006
0.5208141
0.9636551
0.8866884
0.5005531
0.9771756
0.50007975
0.5005081
0.59484464
0.5023332
0.5404337
0.9871451
0.9267736
0.5039103
0.5518174
0.9699593
0.8865076
0.8038389
0.9001367
0.9512368
0.50043833
0.61322665
0.9811457
0.5690173
0.6666667
0.6666667
0.50498384
0.9498646
0.94789875
0.98643106
0.5207426
0.99667335
0.8591111
0.5001447
0.50006676
0.50034136
0.9401002
0.8624825
0.5346435
0.86453354
0.5504387
0.99376065
0.50061345
0.50913095
0.56409234
0.5003082
0.5119033
0.51038295
0.99478745
0.9954346
0.8441532
0.50523454
0.842773
0.9846191
0.50032854
0.5013106
0.5000977
0.91273147
0.5029371
0.9935503
0.9309412
0.519715
0.99920386
0.9874593
0.5635842
0.99950516
0.5000643
0.9046864
0.5000466
0.55155456
0.99722135
0.50530463
0.5106698
0.50447845
0.58665705
0.5077402
0.9162252
0.9892741
0.99487287
0.50685316
0.9182585
0.50022596
0.596747
0.500037
0.5001085
0.9346779
0.7801964
0.50436693
0.5043996
0.50178903
0.53318614
0.50016767
0.8430251
0.879229
0.99579334
0.5080257
0.5001581
0.78270566
0.5012644
0.5235149
0.51378626
0.9551481
0.6817172
0.9453344
0.8939806
0.9864826
0.5094834
0.64608514
0.500281
0.99387497
0.9541506
0.6666667
0.6666667
0.5002925
0.87223774
0.5005314
0.9923826
0.9896219
0.6751758
0.50646996
0.5712844
0.99018794
0.9848024
0.50473416
0.9576673
0.9327212
0.9987991
0.6666667
0.894994
0.97460836
0.8478325
0.8795757
0.5001734
0.5100555
0.73270285
0.99378055
0.50013673
0.94296616
0.9999925
0.50658965
0.527335
0.5188815
0.5001008
0.9318018
0.5136413
0.5003232
0.8249656
0.99998343
0.98101234
0.9485784
0.9851901
0.5000831
0.5677216
0.595062
0.5013689
0.96203506
0.50845754
0.99939644
0.9991493
0.9662536
0.9291698
0.99229866
0.93539655
0.5485557
0.997027
0.8740139
0.5076625
0.8421039
0.5069259
0.533293
0.50639135
0.9842794
0.99906534
0.5022631
0.95671815
0.92159474
0.54207546
0.9982565
0.50001276
0.5010632
0.71789664
0.97103035
0.9489801
0.9877367
0.6666667
0.56671906
0.51438093
0.9906611
0.54725695
0.9609053
0.9976726
0.813713
0.984768
0.5006079
0.9141096
0.5003037
0.50610507
0.99615943
0.9947917
0.96631426
0.51153934
0.9968966
0.50061613
0.98891246
0.50157034
0.6666667
0.50333685
0.9967673
0.50012106
0.83383393
0.5092711
0.9796051
0.5095715
0.89684
0.60358924
0.50347435
0.5000661
0.99785525
0.50389725
0.5226026
0.6666667
0.6666667
0.5002026
0.6666667
0.552666
0.500902
0.566282
0.9472025
0.99877626
0.50129986
0.6666667
0.5002538
0.5000689
0.9412012
0.99793184
0.8961717
0.827089
0.6666667
0.9852069
0.7721889
0.5070455
0.5034076
0.50043654
0.50007176
0.5058953
0.5003865
0.9908407
0.5001166
0.5008984
0.5249319
0.5183567
0.5488303
0.6893875
0.50003946
0.9572275
0.5138055
0.94918495
0.96122175
0.5009817
0.56944555
0.7577026
0.50010353
0.5110389
0.9936103
0.9984339
0.50203437
0.9996414
0.98611605
0.50108445
0.5630728
0.9263402
0.99188906
0.6666667
0.89796764
0.507503
0.5000353
0.55069745
0.5298023
0.99168336
0.60532063
0.5002523
0.9733488
0.5055467
0.5004244
0.5043594
0.9991105
0.513297
0.6666667
0.98666126
0.5322353
0.6666667
0.55322695
0.51321405
0.5009211
0.5074849
0.5156237
0.50126976
0.94413775
0.8830643
0.51524174
0.55292124
0.8836691
0.5001003
0.6666667
0.76061004
0.50010043
0.5031192
0.53191817
0.92611706
0.9578475
0.9741125
0.9947923
0.9978638
0.5029712
0.5378622
0.88633585
0.50001544
0.97827053
0.6666667
0.6666667
0.96023947
0.9388766
0.9992378
0.70677215
0.9985862
0.50055265
0.9960024
0.50360173
0.6666667
0.5072665
0.50091845
0.9981415
0.5052793
0.50025445
0.6666667
0.5008939
0.9669904
0.50937754
0.502743
0.98039174
0.9290999
0.6666667
0.9996971
0.91637534
0.93381566
0.56873757
0.99691653
0.6895498
0.9208542
0.89355636
0.97269565
0.50362766
0.5000118
0.78829247
0.5000359
0.6666667
0.5001731
0.5123846
0.53117204
0.50039643
0.50526
0.500022
0.9480565
0.9154625
0.6666667
0.97456044
0.93139684
0.68128616
0.5005418
0.5577737
0.99394184
0.5003254
0.6666667
0.5055384
0.5318013
0.50814086
0.54496324
0.50009906
0.500119
0.5025628
0.6666667
0.50599444
0.5025672
0.50622594
0.5008613
0.95928943
0.5218377
0.96981996
0.50002086
0.50066817
0.9992668
0.50000286
0.9819354
0.6666667
0.9730429
0.90221786
0.99941516
0.6666667
0.5975107
0.50041246
0.51139563
0.999647
0.97531563
0.5228625
0.99549735
0.7118479
0.6666667
0.5002663
0.8662269
0.999923
0.50007164
0.5000342
0.8621069
0.5831526
0.9132062
0.5001206
0.78118557
0.9942222
0.5046323
0.9295065
0.9992095
0.50812185
0.8756638
0.93518054
0.51521933
0.50010777
0.95995414
0.8744777
0.5102151
0.57495475
0.55863994
0.50358886
0.9436602
0.50323504
0.6666667
0.6126617
0.50009817
0.99835616
0.50214314
0.5136955
0.5007686
0.50015736
0.6666667
0.8415541
0.50055265
0.9634309
0.500229
0.50272083
0.6666667
0.5000801
0.50014997
0.9788847
0.5224075
0.8886812
0.50032717
0.6666667
0.5062032
0.50795513
0.99860746
0.51378846
0.81976837
0.88278043
0.5050085
0.5000266
0.99176145
0.5001135
0.99552673
0.5708151
0.91950566
0.9939296
0.50556743
0.6666667
0.50000536
0.5001027
0.9987551
0.78497845
0.9990081
0.6659617
0.9973941
0.5000314
0.5195809
0.99721646
0.6000967
0.50404435
0.99413514
0.6666667
0.8755857
0.66333455
0.6666667
0.97372425
0.9948657
0.507156
0.968164
0.950359
0.7039203
0.99956113
0.5467898
0.8837222
0.5000137
0.9159907
0.500101
0.5157825
0.55275184
0.50680274
0.97008777
0.5008164
0.99572915
0.8865803
0.9987369
0.97911465
0.50411737
0.6666667
0.5005073
0.5209704
0.50001746
0.99790716
0.8854156
0.6666667
0.6666667
0.9753728
0.6891566
0.6200023
0.9636964
0.9001068
0.5028942
0.5070123
0.64006454
0.50063485
0.9880728
0.7908706
0.500583
0.500071
0.6666667
0.77608126
0.6666667
0.8386562
0.5022609
0.51705
0.96912706
0.8844665
0.9180871
0.50276655
0.96149737
0.9925983
0.9974329
0.9998435
0.9867294
0.50029194
0.500168
0.6354869
0.6666667
0.5007457
0.5021423
0.99873453
0.91900444
0.5172526
0.9102329
0.5023933
0.5069439
0.501282
0.8860837
0.5011694
0.9953461
0.92058975
0.9708011
0.999764
0.6666667
0.6045935
0.9803186
0.844578
0.5010197
0.9992693
0.5010793
0.96369904
0.9999944
0.9455623
0.5046588
0.52555066
0.90670913
0.5001188
0.99935
0.50670856
0.50005865
0.50130564
0.5033424
0.9998041
0.501345
0.9863762
0.57756394
0.9991689
0.50546557
0.5689818
0.5019061
0.61059177
0.85642916
0.57416016
0.86190087
0.51863104
0.8920618
0.83382946
0.5040745
0.5881824
0.99904484
0.993378
0.50018466
0.50006855
0.50128084
0.99746263
0.8339429
0.50021434
0.50014275
0.51254433
0.9428899
0.99801034
0.5015764
0.6666667
0.99974173
0.9984138
0.5078823
0.914751
0.5074261
0.9891676
0.60853344
0.99854195
0.955475
0.9915412
0.53225994
0.5001308
0.5000251
0.50774676
0.96778727
0.5000752
0.9910466
0.80094206
0.5139139
0.5000162
0.5075967
0.73896384
0.93284047
0.99977356
0.95722294
0.5013332
0.5468763
0.6666667
0.50001955
0.6708288
0.9998586
0.99630344
0.5000014
0.6666667
0.6666667
0.97203493
0.5000152
0.99517953
0.9868739
0.50013405
0.89764977
0.99987614
0.98538345
0.50545865
0.93278116
0.97687894
0.53020245
0.5134532
0.95542234
0.6674997
0.50003916
0.51664495
0.97884655
0.894769
0.5202532
0.6541075
0.50114083
0.5000478
0.5347533
0.85321486
0.9068777
0.9487693
0.50005984
0.5001066
0.51073253
0.73109007
0.50405127
0.99421656
0.5000152
0.8963111
0.5002498
0.5079401
0.9915759
0.6666667
0.5633031
0.50003237
0.9405097
0.9268924
0.98739016
0.9903673
0.6666667
0.9851302
0.6666667
0.9972531
0.5280803
0.5039831
0.5003722
0.6829511
0.7584868
0.54356486
0.5001608
0.509025
0.6666667
0.95769364
0.5722321
0.5004014
0.5005578
0.6666667
0.9983525
0.503386
0.9997714
0.50003713
0.97340626
0.5000048
0.8814311
0.9701834
0.9993413
0.5000103
0.6666667
0.50816995
0.5043815
0.9997441
0.5000059
0.8749191
0.52219856
0.9188152
0.9321114
0.9989454
0.5696154
0.50078636
0.760177
0.50000054
0.9988638
0.5139162
0.90061265
0.6942065
0.50003964
0.9310411
0.509993
0.50189495
0.98532575
0.50177073
0.5552705
0.6666667
0.89156723
0.6666667
0.5000032
0.5021248
0.77454364
0.99899715
0.71895355
0.500193
0.6666667
0.9779113
0.99944204
0.51950204
0.9965239
0.9561754
0.989403
0.99450433
0.53669703
0.5166472
0.9990182
0.50143677
0.52722365
0.6666667
0.50022596
0.99987185
0.96406174
0.5025319
0.50010055
0.9208673
0.60298103
0.99861073
0.6666667
0.9407279
0.50538594
0.5008427
0.84229416
0.51125896
0.9599953
0.50211364
0.55275613
0.99989414
0.65405756
0.5293196
0.9949685
0.82050073
0.50424504
0.92561245
0.70360076
0.52027875
0.51829743
0.9716564
0.9983368
0.6666667
0.9973368
0.5487957
0.50115985
0.5059452
0.50013703
0.5000645
0.9931718
0.9972656
0.98909134
0.946587
0.50020504
0.6666667
0.9246839
0.50324076
0.5041256
0.50543255
0.9826917
0.50013584
0.5002449
0.5017183
0.5000241
0.93052834
0.5011096
0.9769906
0.6666667
0.6666667
0.50165266
0.99667954
0.6666667
0.5140461
0.50277185
0.50401294
0.91041774
0.50480956
0.9960945
0.50919086
0.9999021
0.91163003
0.99957424
0.9381039
0.9959894
0.99986637
0.50008994
0.84149975
0.50010264
0.51317126
0.58625287
0.51313573
0.994991
0.9960311
0.50845075
0.8333582
0.50404596
0.50052834
0.99190396
0.97488946
0.5500335
0.58973557
0.50009555
0.8650892
0.55787885
0.501057
0.9999424
0.9999243
0.50008136
0.50002474
0.5000047
0.5096413
0.95519215
0.50404686
0.5000468
0.98776627
0.50129217
0.98402447
0.97997093
0.8628999
0.8492743
0.97750825
0.5000218
0.9294153
0.990013
0.5000665
0.5036974
0.5003703
0.5091318
0.5000226
0.5066304
0.5000275
0.5122955
0.9236919
0.9875124
0.50034064
0.50019276
0.997982
0.998389
0.51897067
0.6666667
0.9937059
0.99042284
0.94870865
0.5001443
0.9803792
0.99782205
0.50366455
0.979706
0.5002458
0.91504806
0.6666667
0.9017657
0.81302994
0.6666667
0.82264966
0.9664727
0.98622245
0.9899282
0.92473483
0.8348696
0.6666667
0.5000689
0.99157554
0.94269824
0.5033917
0.50380415
0.5011093
0.98612297
0.50517017
0.9075354
0.5087978
0.5000345
0.5000728
0.5038293
0.9710931
0.5012681
0.5042667
0.969963
0.9625084
0.5005968
0.99320424
0.90853673
0.50207114
0.9927452
0.94317627
0.50122094
0.9563799
0.50000757
0.50008327
0.9914172
0.88133574
0.50107414
0.500187
0.5023218
0.9956268
0.5000762
0.65846235
0.50196403
0.5000705
0.5679376
0.6666667
0.986628
0.5026622
0.86763054
0.5137826
0.50026333
0.50053424
0.50686437
0.5004128
0.9302718
0.98645264
0.5183663
0.9999907
0.9979096
0.50108504
0.9997807
0.91473514
0.9983675
0.99108106
0.5007475
0.99734795
0.51074314
0.98995996
0.5027879
0.97553945
0.9863237
0.9749577
0.50001526
0.996363
0.50644696
0.5002998
0.9972283
0.50155866
0.6023757
0.5002488
0.501252
0.6666667
0.509722
0.5000261
0.6666667
0.51588756
0.51543266
0.986292
0.6666667
0.50007796
0.50004095
0.8571188
0.50005466
0.89700866
0.99791783
0.5000306
0.51596546
0.50000435
0.921587
0.8839787
0.9405762
0.6666667
0.50063384
0.54103297
0.98167
0.5032617
0.972638
0.5053348
0.5393105
0.55489767
0.5000417
0.9658035
0.5000056
0.99746513
0.98807085
0.6666667
0.99993336
0.9970938
0.8317321
0.5004058
0.99990714
0.98773205
0.89245135
0.96485317
0.5004371
0.5000029
0.5000052
0.99972314
0.50150234
0.51123446
0.50026894
0.99344987
0.6129075
0.5101495
0.8366633
0.9734587
0.5004023
0.9645161
0.50058126
0.5043607
0.8442914
0.5002631
0.6666667
0.5419105
0.50007236
0.5027693
0.50798774
0.9417851
0.99925166
0.5292644
0.55728525
0.9703616
0.82486165
0.50682354
0.7132109
0.5273775
0.50041246
0.9845687
0.9518189
0.504167
0.50904834
0.5493507
0.9967991
0.6666667
0.6666667
0.9990214
0.5040698
0.9970386
0.6666667
0.5307386
0.6666667
