166
447
239
700
754
661
882
625
513
85
324
46
557
528
647
236
799
178
298
633
207
452
398
656
744
731
244
186
784
369
440
605
514
307
512
667
400
286
508
442
404
429
121
824
407
180
850
855
357
410
71
707
492
822
837
99
293
724
189
494
475
760
19
295
26
651
317
159
216
123
358
48
196
405
333
722
383
770
663
269
741
690
70
521
530
226
884
268
704
35
558
819
339
659
347
128
91
620
141
469
859
779
461
880
518
532
815
531
801
778
251
192
794
289
50
615
846
828
367
886
338
17
83
720
759
640
87
541
92
270
685
327
751
228
787
840
694
464
696
678
465
140
497
593
506
674
623
830
728
857
110
202
641
133
75
458
413
305
516
108
361
795
33
129
635
645
276
811
595
834
844
556
578
689
692
227
821
13
438
384
679
809
184
771
546
368
705
401
773
210
642
430
467
96
807
162
842
570
468
665
672
139
23
666
444
299
636
76
885
399
152
462
376
249
472
146
769
511
64
717
507
820
142
604
726
34
446
346
555
116
310
853
408
504
160
723
175
594
303
242
580
496
57
714
88
37
652
454
757
224
304
806
417
355
411
380
79
524
805
300
782
326
1
775
316
424
843
684
258
193
77
6
891
796
756
783
671
168
851
47
476
614
330
205
576
863
826
254
455
463
197
551
246
592
526
839
740
223
780
117
14
602
84
802
875
474
136
525
479
318
791
344
24
829
278
608
36
856
105
752
758
389
53
177
235
206
786
721
539
3
312
31
334
381
569
435
480
288
359
204
781
549
102
715
702
296
873
353
214
792
673
624
257
4
668
607
544
176
137
762
550
841
866
378
363
170
634
879
854
848
789
616
340
776
567
341
423
262
225
150
482
617
321
212
861
419
219
712
596
386
173
584
716
852
100
16
349
583
390
329
103
433
629
336
601
790
650
739
571
311
265
529
25
434
41
500
600
201
163
710
217
233
523
622
203
350
568
485
234
221
364
481
134
589
325
377
67
560
61
382
867
280
637
80
813
301
415
11
172
211
28
753
646
703
682
153
774
832
675
287
695
869
603
74
323
649
90
687
22
747
418
835
179
874
449
572
261
94
701
471
157
520
12
810
120
182
808
218
372
97
147
143
62
60
621
437
681
630
545
613
862
864
395
483
199
231
348
849
559
332
309
517
397
611
738
20
194
658
732
292
124
831
812
245
154
453
213
42
441
82
730
402
104
283
888
535
825
89
431
167
865
477
619
814
657
319
93
38
581
101
15
191
451
285
618
817
403
503
232
256
263
881
356
836
337
644
66
574
45
138
767
68
164
55
271
420
766
628
777
8
266
115
43
241
540
761
733
428
284
459
188
490
542
158
272
65
445
577
847
290
768
248
111
118
554
306
345
878
209
354
538
132
654
725
69
406
575
2
677
785
200
669
144
365
432
260
275
858
450
548
734
473
195
425
302
230
788
18
148
750
320
127
588
215
277
229
697
106
72
385
585
273
362
876
718
883
632
366
237
763
342
267
253
282
631
664
392
798
112
563
427
40
98
155
582
335
612
29
698
135
169
537
522
547
247
765
409
495
81
489
436
113
755
643
274
396
573
314
238
63
590
737
130
536
766
236
288
417
282
733
684
293
891
117
356
29
806
886
347
447
311
438
79
405
97
61
754
526
528
776
14
141
144
794
76
817
301
813
267
170
69
146
459
26
475
724
284
116
376
358
601
452
677
50
602
143
607
857
195
158
305
276
589
90
621
541
555
523
658
179
427
674
367
473
583
815
650
6
446
72
435
2
292
701
864
805
584
678
271
62
629
204
409
197
620
559
189
355
520
425
492
451
167
880
104
260
529
269
726
89
96
471
849
67
855
341
512
885
1
441
411
101
333
858
508
346
521
664
374
666
811
153
465
535
154
547
783
785
585
327
862
767
102
129
160
577
157
720
353
130
675
807
444
169
867
440
152
237
856
83
640
853
796
704
873
258
530
644
802
377
209
869
698
15
630
357
289
624
192
207
679
314
257
445
349
354
769
273
111
389
539
345
463
608
843
546
42
173
462
497
184
829
132
186
558
622
449
244
866
46
888
321
697
646
206
326
120
212
861
596
23
16
211
82
428
495
835
214
335
191
261
567
84
482
283
605
755
716
830
392
480
718
41
213
81
242
20
164
324
368
795
694
232
641
166
600
517
274
522
758
338
382
140
560
390
865
723
636
98
851
437
683
551
99
106
739
788
22
218
725
700
139
672
632
542
253
485
93
256
215
842
504
635
337
696
366
277
752
415
514
469
306
196
879
254
575
19
404
730
623
832
137
329
771
618
592
616
123
476
536
362
429
182
325
45
614
348
820
268
634
77
714
859
656
248
383
320
185
399
781
545
544
837
224
397
48
202
38
652
24
162
34
91
381
826
455
433
540
690
569
262
155
780
844
238
458
249
631
667
115
172
342
732
37
395
307
464
570
728
65
461
318
330
524
518
841
734
359
568
792
316
588
228
549
340
687
418
581
810
812
336
134
525
263
881
118
550
369
434
710
669
270
47
744
210
722
230
265
25
75
474
74
654
323
105
18
779
825
64
721
225
142
612
741
503
554
753
682
231
809
396
496
731
848
168
763
642
538
110
756
604
665
799
85
193
760
39
712
707
103
401
136
556
266
300
194
133
40
413
17
705
128
319
863
494
286
21
854
747
761
839
751
147
159
798
180
571
824
385
12
112
200
651
516
765
163
3
442
580
472
290
702
453
361
506
847
649
572
344
94
80
432
617
280
663
784
430
350
278
576
55
782
88
619
681
834
594
768
312
68
431
380
217
740
791
738
410
633
808
778
63
814
223
220
351
548
477
235
647
668
4
750
378
831
406
364
659
70
645
628
689
135
573
227
625
532
657
673
790
420
777
876
737
770
100
537
201
113
219
398
334
582
593
328
247
454
246
852
436
557
43
774
199
595
302
500
615
234
775
481
221
759
175
511
408
176
402
703
762
603
177
745
590
71
53
148
479
787
821
304
216
507
483
150
419
241
386
296
874
819
108
332
875
513
298
124
671
272
574
310
285
840
372
578
423
363
757
637
717
789
786
801
31
138
883
11
643
13
229
203
773
695
882
836
121
226
828
233
127
295
846
339
490
299
251
275
57
287
309
403
365
424
407
239
531
685
303
36
467
661
400
8
205
611
884
715
563
28
87
178
35
468
66
384
613
450
489
822
649
542
231
483
167
589
452
60
431
170
205
841
628
822
40
687
730
185
287
775
717
29
256
674
521
28
874
718
856
853
508
113
177
237
658
134
311
682
105
99
11
31
19
619
345
14
71
697
734
147
614
193
506
438
721
166
333
382
613
886
228
535
203
336
292
766
690
761
169
608
473
211
702
570
98
306
835
180
22
428
869
765
568
465
593
367
285
92
155
435
714
645
266
117
346
215
554
263
834
150
68
756
83
342
67
492
411
635
863
220
796
316
489
219
226
705
846
685
389
327
636
143
66
246
23
4
684
61
467
141
476
715
468
295
617
96
386
475
213
681
855
753
556
434
3
62
673
272
175
332
888
1
829
571
320
782
239
677
277
392
632
268
403
560
75
116
102
430
206
602
36
118
701
832
112
344
567
507
526
25
858
307
273
330
172
654
24
79
528
650
178
17
192
557
290
596
472
703
741
755
611
657
379
817
559
338
780
449
115
545
369
415
74
339
859
574
357
310
433
380
704
168
643
196
244
633
358
789
623
726
137
547
807
819
605
153
481
43
179
759
810
241
747
668
127
384
880
622
191
132
831
595
300
891
376
289
445
801
63
401
359
665
781
783
496
194
88
390
93
620
46
283
407
238
436
600
482
667
851
90
225
309
777
207
261
490
854
842
383
641
269
396
881
12
500
672
140
397
6
186
584
424
356
437
768
400
395
223
121
57
227
740
716
669
329
885
728
504
26
514
821
160
354
55
450
839
826
712
799
644
847
752
267
325
142
652
767
130
446
41
218
111
365
808
675
802
278
262
64
732
815
612
618
432
319
80
857
791
779
101
217
532
788
774
312
399
785
257
144
201
754
296
204
813
108
883
366
544
634
323
378
882
97
16
865
806
463
314
305
120
558
18
837
624
811
700
537
374
91
381
258
348
538
335
276
299
302
516
512
737
664
541
135
441
202
631
771
866
646
444
234
65
659
451
301
786
157
417
139
123
347
517
522
616
409
798
576
173
873
45
531
724
184
575
254
341
410
230
625
548
53
340
546
549
536
824
242
138
350
353
298
540
582
462
867
590
224
825
154
69
513
836
776
20
195
607
362
844
50
89
524
328
805
763
678
197
324
722
209
214
326
615
760
447
129
440
497
372
758
100
8
555
398
210
247
642
739
48
158
794
293
744
762
757
221
47
578
136
864
696
588
601
104
232
848
511
303
188
212
770
361
189
572
288
420
133
480
13
453
38
577
689
37
282
731
106
485
530
592
884
364
849
862
852
878
429
710
162
814
404
569
454
474
2
695
253
698
733
334
442
363
812
76
745
418
563
637
494
146
621
751
539
423
200
879
580
840
830
594
585
260
304
694
413
21
408
656
725
518
402
666
551
469
124
679
405
33
229
464
317
769
280
351
603
455
477
70
520
385
503
321
707
550
94
15
103
85
778
199
820
236
163
671
233
427
663
523
368
640
604
265
81
790
861
42
787
795
152
792
34
275
35
248
271
683
773
84
216
723
479
629
459
661
72
651
529
128
425
77
355
461
692
525
284
583
647
159
164
245
581
720
39
875
82
876
148
318
249
182
286
110
843
471
495
274
458
750
377
270
337
630
176
573
828
68
777
471
29
573
147
826
436
99
540
83
75
417
202
100
530
542
861
302
840
380
18
210
182
836
841
65
236
339
406
424
674
692
756
283
130
497
399
359
93
575
225
852
825
654
288
97
154
649
548
267
867
290
771
142
755
796
345
349
91
451
489
350
576
770
513
780
546
570
779
883
175
305
94
815
365
472
571
150
139
432
191
539
137
356
473
569
717
854
483
374
84
430
405
545
103
831
786
753
588
765
750
418
507
677
311
846
123
216
437
810
778
129
612
568
110
759
269
263
523
450
744
584
820
274
87
695
28
500
455
679
687
162
763
251
14
802
463
446
310
607
319
628
325
888
300
537
34
525
64
783
16
567
24
185
143
524
104
318
295
19
276
60
718
232
4
556
663
159
209
409
419
480
732
645
636
707
490
592
178
285
200
258
57
367
614
2
158
39
278
67
665
221
702
235
760
737
423
408
398
362
186
652
824
351
477
689
138
431
521
618
814
469
134
249
329
89
601
396
435
467
376
328
53
485
347
629
768
384
140
280
363
164
169
195
355
635
558
314
401
801
337
481
757
61
167
326
839
572
544
789
522
223
306
716
389
694
215
886
758
773
633
468
726
292
560
77
15
80
196
541
70
275
808
144
790
440
266
667
799
782
547
774
668
402
675
36
701
745
853
45
115
454
415
807
369
184
3
309
344
173
787
712
282
494
869
81
74
50
857
227
879
246
76
42
327
127
105
63
90
148
237
71
231
630
35
864
257
321
482
420
725
46
858
520
512
874
271
193
211
805
535
98
813
135
153
192
700
775
31
118
637
79
538
201
863
809
336
583
585
390
747
459
383
1
884
847
204
438
128
333
881
179
121
85
11
696
233
241
284
270
392
798
108
720
124
298
611
403
133
580
444
641
286
342
332
301
557
146
829
659
212
261
476
163
697
62
848
835
307
812
256
299
794
531
714
26
581
413
239
766
382
372
603
213
690
671
230
593
462
207
613
703
244
529
661
642
445
862
219
245
152
194
475
377
594
722
788
855
296
658
166
226
205
452
528
41
217
811
731
111
669
605
66
197
458
247
752
724
346
47
177
733
830
634
203
96
795
767
776
324
851
615
532
517
866
338
400
188
160
361
254
715
664
189
600
172
112
40
681
441
741
624
619
739
828
511
604
682
289
873
427
683
647
589
268
678
578
277
850
220
242
357
429
549
354
555
206
885
88
38
248
6
843
43
650
168
449
673
72
348
596
536
260
12
385
878
672
273
272
379
723
837
253
856
526
646
33
503
20
821
82
865
465
479
397
364
214
323
684
293
563
631
228
224
262
849
875
554
784
335
410
595
55
218
792
447
238
442
155
620
358
508
819
341
882
710
698
381
705
623
844
170
657
132
23
17
577
728
303
8
136
176
425
734
550
754
101
395
368
842
199
656
433
704
312
69
617
92
386
407
751
590
644
574
180
632
685
496
22
234
13
651
504
37
21
141
762
832
434
304
117
582
461
366
880
229
785
353
721
876
514
157
516
378
317
616
48
859
106
621
608
822
625
428
495
113
791
116
559
806
340
551
25
334
640
316
287
320
817
453
120
404
602
643
730
265
738
666
506
102
492
740
518
806
64
8
776
202
196
382
55
614
447
445
341
530
140
787
490
559
284
339
617
188
737
271
132
784
62
444
628
592
180
135
473
332
397
704
681
850
538
97
405
170
68
262
726
695
885
634
172
710
523
330
186
342
675
179
270
23
340
741
175
760
770
355
234
837
794
430
164
319
646
152
574
304
569
620
822
792
880
492
273
464
195
425
844
26
753
722
15
863
364
362
558
497
293
411
290
637
401
128
739
571
112
197
144
386
544
409
336
830
116
867
632
821
602
808
176
481
474
214
57
286
123
369
33
194
226
856
716
230
103
696
658
661
88
755
494
690
282
650
471
217
469
160
459
446
832
593
419
79
791
866
813
883
745
756
134
717
697
248
93
184
596
228
622
220
213
400
231
849
239
70
851
795
333
590
752
204
687
577
377
669
372
193
624
36
2
302
3
631
442
858
83
236
437
169
485
383
841
100
390
423
192
101
496
782
203
477
781
380
540
467
518
884
20
668
289
649
257
607
762
751
48
811
201
254
723
133
235
349
312
13
285
310
641
366
378
876
317
358
265
891
137
480
747
233
223
31
757
703
802
438
16
318
535
191
531
17
18
700
224
878
299
583
568
435
616
618
567
60
582
629
732
461
266
143
354
640
200
177
12
728
6
120
744
707
129
537
50
345
865
47
329
89
229
142
357
847
663
157
432
548
458
269
595
718
399
720
557
90
427
311
789
612
267
585
113
594
829
402
316
